3
 0 1 16
 0 2 15
 0 3 14
 0 4 13
 0 5 12
 0 6 11
 0 7 10
 0 8 9
 0 9 8
 0 10 7
 0 11 6
 0 12 5
 0 13 4
 0 14 3
 0 15 2
 0 16 1
 0 17 0
 1 1 15
 1 2 14
 1 3 13
 1 4 12
 1 5 11
 1 6 10
 1 7 9
 1 8 8
 1 9 7
 1 10 6
 1 11 5
 1 12 4
 1 13 3
 1 14 2
 1 15 1
 1 16 0
 2 1 14
 2 2 13
 2 3 12
 2 4 11
 2 5 10
 2 6 9
 2 7 8
 2 8 7
 2 9 6
 2 10 5
 2 11 4
 2 12 3
 2 13 2
 2 14 1
 2 15 0
 3 1 13
 3 2 12
 3 3 11
 3 4 10
 3 5 9
 3 6 8
 3 7 7
 3 8 6
 3 9 5
 3 10 4
 3 11 3
 3 12 2
 3 13 1
 3 14 0
 4 1 12
 4 2 11
 4 3 10
 4 4 9
 4 5 8
 4 6 7
 4 7 6
 4 8 5
 4 9 4
 4 10 3
 4 11 2
 4 12 1
 4 13 0
 5 1 11
 5 2 10
 5 3 9
 5 4 8
 5 5 7
 5 6 6
 5 7 5
 5 8 4
 5 9 3
 5 10 2
 5 11 1
 5 12 0
 6 1 10
 6 2 9
 6 3 8
 6 4 7
 6 5 6
 6 6 5
 6 7 4
 6 8 3
 6 9 2
 6 10 1
 6 11 0
 7 1 9
 7 2 8
 7 3 7
 7 4 6
 7 5 5
 7 6 4
 7 7 3
 7 8 2
 7 9 1
 7 10 0
 8 1 8
 8 2 7
 8 3 6
 8 4 5
 8 5 4
 8 6 3
 8 7 2
 8 8 1
 8 9 0
 9 1 7
 9 2 6
 9 3 5
 9 4 4
 9 5 3
 9 6 2
 9 7 1
 9 8 0
 10 1 6
 10 2 5
 10 3 4
 10 4 3
 10 5 2
 10 6 1
 10 7 0
 11 1 5
 11 2 4
 11 3 3
 11 4 2
 11 5 1
 11 6 0
 12 1 4
 12 2 3
 12 3 2
 12 4 1
 12 5 0
 13 1 3
 13 2 2
 13 3 1
 13 4 0
 14 1 2
 14 2 1
 14 3 0
 15 1 1
 15 2 0
 16 1 0
