3
 0 1 14
 0 2 13
 0 3 12
 0 4 11
 0 5 10
 0 6 9
 0 7 8
 0 8 7
 0 9 6
 0 10 5
 0 11 4
 0 12 3
 0 13 2
 0 14 1
 0 15 0
 1 1 13
 1 2 12
 1 3 11
 1 4 10
 1 5 9
 1 6 8
 1 7 7
 1 8 6
 1 9 5
 1 10 4
 1 11 3
 1 12 2
 1 13 1
 1 14 0
 2 1 12
 2 2 11
 2 3 10
 2 4 9
 2 5 8
 2 6 7
 2 7 6
 2 8 5
 2 9 4
 2 10 3
 2 11 2
 2 12 1
 2 13 0
 3 1 11
 3 2 10
 3 3 9
 3 4 8
 3 5 7
 3 6 6
 3 7 5
 3 8 4
 3 9 3
 3 10 2
 3 11 1
 3 12 0
 4 1 10
 4 2 9
 4 3 8
 4 4 7
 4 5 6
 4 6 5
 4 7 4
 4 8 3
 4 9 2
 4 10 1
 4 11 0
 5 1 9
 5 2 8
 5 3 7
 5 4 6
 5 5 5
 5 6 4
 5 7 3
 5 8 2
 5 9 1
 5 10 0
 6 1 8
 6 2 7
 6 3 6
 6 4 5
 6 5 4
 6 6 3
 6 7 2
 6 8 1
 6 9 0
 7 1 7
 7 2 6
 7 3 5
 7 4 4
 7 5 3
 7 6 2
 7 7 1
 7 8 0
 8 1 6
 8 2 5
 8 3 4
 8 4 3
 8 5 2
 8 6 1
 8 7 0
 9 1 5
 9 2 4
 9 3 3
 9 4 2
 9 5 1
 9 6 0
 10 1 4
 10 2 3
 10 3 2
 10 4 1
 10 5 0
 11 1 3
 11 2 2
 11 3 1
 11 4 0
 12 1 2
 12 2 1
 12 3 0
 13 1 1
 13 2 0
 14 1 0
