3
 0 1 19
 0 2 18
 0 3 17
 0 4 16
 0 5 15
 0 6 14
 0 7 13
 0 8 12
 0 9 11
 0 10 10
 0 11 9
 0 12 8
 0 13 7
 0 14 6
 0 15 5
 0 16 4
 0 17 3
 0 18 2
 0 19 1
 0 20 0
 1 1 18
 1 2 17
 1 3 16
 1 4 15
 1 5 14
 1 6 13
 1 7 12
 1 8 11
 1 9 10
 1 10 9
 1 11 8
 1 12 7
 1 13 6
 1 14 5
 1 15 4
 1 16 3
 1 17 2
 1 18 1
 1 19 0
 2 1 17
 2 2 16
 2 3 15
 2 4 14
 2 5 13
 2 6 12
 2 7 11
 2 8 10
 2 9 9
 2 10 8
 2 11 7
 2 12 6
 2 13 5
 2 14 4
 2 15 3
 2 16 2
 2 17 1
 2 18 0
 3 1 16
 3 2 15
 3 3 14
 3 4 13
 3 5 12
 3 6 11
 3 7 10
 3 8 9
 3 9 8
 3 10 7
 3 11 6
 3 12 5
 3 13 4
 3 14 3
 3 15 2
 3 16 1
 3 17 0
 4 1 15
 4 2 14
 4 3 13
 4 4 12
 4 5 11
 4 6 10
 4 7 9
 4 8 8
 4 9 7
 4 10 6
 4 11 5
 4 12 4
 4 13 3
 4 14 2
 4 15 1
 4 16 0
 5 1 14
 5 2 13
 5 3 12
 5 4 11
 5 5 10
 5 6 9
 5 7 8
 5 8 7
 5 9 6
 5 10 5
 5 11 4
 5 12 3
 5 13 2
 5 14 1
 5 15 0
 6 1 13
 6 2 12
 6 3 11
 6 4 10
 6 5 9
 6 6 8
 6 7 7
 6 8 6
 6 9 5
 6 10 4
 6 11 3
 6 12 2
 6 13 1
 6 14 0
 7 1 12
 7 2 11
 7 3 10
 7 4 9
 7 5 8
 7 6 7
 7 7 6
 7 8 5
 7 9 4
 7 10 3
 7 11 2
 7 12 1
 7 13 0
 8 1 11
 8 2 10
 8 3 9
 8 4 8
 8 5 7
 8 6 6
 8 7 5
 8 8 4
 8 9 3
 8 10 2
 8 11 1
 8 12 0
 9 1 10
 9 2 9
 9 3 8
 9 4 7
 9 5 6
 9 6 5
 9 7 4
 9 8 3
 9 9 2
 9 10 1
 9 11 0
 10 1 9
 10 2 8
 10 3 7
 10 4 6
 10 5 5
 10 6 4
 10 7 3
 10 8 2
 10 9 1
 10 10 0
 11 1 8
 11 2 7
 11 3 6
 11 4 5
 11 5 4
 11 6 3
 11 7 2
 11 8 1
 11 9 0
 12 1 7
 12 2 6
 12 3 5
 12 4 4
 12 5 3
 12 6 2
 12 7 1
 12 8 0
 13 1 6
 13 2 5
 13 3 4
 13 4 3
 13 5 2
 13 6 1
 13 7 0
 14 1 5
 14 2 4
 14 3 3
 14 4 2
 14 5 1
 14 6 0
 15 1 4
 15 2 3
 15 3 2
 15 4 1
 15 5 0
 16 1 3
 16 2 2
 16 3 1
 16 4 0
 17 1 2
 17 2 1
 17 3 0
 18 1 1
 18 2 0
 19 1 0
