3
 0 1 20
 0 2 19
 0 3 18
 0 4 17
 0 5 16
 0 6 15
 0 7 14
 0 8 13
 0 9 12
 0 10 11
 0 11 10
 0 12 9
 0 13 8
 0 14 7
 0 15 6
 0 16 5
 0 17 4
 0 18 3
 0 19 2
 0 20 1
 0 21 0
 1 1 19
 1 2 18
 1 3 17
 1 4 16
 1 5 15
 1 6 14
 1 7 13
 1 8 12
 1 9 11
 1 10 10
 1 11 9
 1 12 8
 1 13 7
 1 14 6
 1 15 5
 1 16 4
 1 17 3
 1 18 2
 1 19 1
 1 20 0
 2 1 18
 2 2 17
 2 3 16
 2 4 15
 2 5 14
 2 6 13
 2 7 12
 2 8 11
 2 9 10
 2 10 9
 2 11 8
 2 12 7
 2 13 6
 2 14 5
 2 15 4
 2 16 3
 2 17 2
 2 18 1
 2 19 0
 3 1 17
 3 2 16
 3 3 15
 3 4 14
 3 5 13
 3 6 12
 3 7 11
 3 8 10
 3 9 9
 3 10 8
 3 11 7
 3 12 6
 3 13 5
 3 14 4
 3 15 3
 3 16 2
 3 17 1
 3 18 0
 4 1 16
 4 2 15
 4 3 14
 4 4 13
 4 5 12
 4 6 11
 4 7 10
 4 8 9
 4 9 8
 4 10 7
 4 11 6
 4 12 5
 4 13 4
 4 14 3
 4 15 2
 4 16 1
 4 17 0
 5 1 15
 5 2 14
 5 3 13
 5 4 12
 5 5 11
 5 6 10
 5 7 9
 5 8 8
 5 9 7
 5 10 6
 5 11 5
 5 12 4
 5 13 3
 5 14 2
 5 15 1
 5 16 0
 6 1 14
 6 2 13
 6 3 12
 6 4 11
 6 5 10
 6 6 9
 6 7 8
 6 8 7
 6 9 6
 6 10 5
 6 11 4
 6 12 3
 6 13 2
 6 14 1
 6 15 0
 7 1 13
 7 2 12
 7 3 11
 7 4 10
 7 5 9
 7 6 8
 7 7 7
 7 8 6
 7 9 5
 7 10 4
 7 11 3
 7 12 2
 7 13 1
 7 14 0
 8 1 12
 8 2 11
 8 3 10
 8 4 9
 8 5 8
 8 6 7
 8 7 6
 8 8 5
 8 9 4
 8 10 3
 8 11 2
 8 12 1
 8 13 0
 9 1 11
 9 2 10
 9 3 9
 9 4 8
 9 5 7
 9 6 6
 9 7 5
 9 8 4
 9 9 3
 9 10 2
 9 11 1
 9 12 0
 10 1 10
 10 2 9
 10 3 8
 10 4 7
 10 5 6
 10 6 5
 10 7 4
 10 8 3
 10 9 2
 10 10 1
 10 11 0
 11 1 9
 11 2 8
 11 3 7
 11 4 6
 11 5 5
 11 6 4
 11 7 3
 11 8 2
 11 9 1
 11 10 0
 12 1 8
 12 2 7
 12 3 6
 12 4 5
 12 5 4
 12 6 3
 12 7 2
 12 8 1
 12 9 0
 13 1 7
 13 2 6
 13 3 5
 13 4 4
 13 5 3
 13 6 2
 13 7 1
 13 8 0
 14 1 6
 14 2 5
 14 3 4
 14 4 3
 14 5 2
 14 6 1
 14 7 0
 15 1 5
 15 2 4
 15 3 3
 15 4 2
 15 5 1
 15 6 0
 16 1 4
 16 2 3
 16 3 2
 16 4 1
 16 5 0
 17 1 3
 17 2 2
 17 3 1
 17 4 0
 18 1 2
 18 2 1
 18 3 0
 19 1 1
 19 2 0
 20 1 0
