000111111111111111100111111111
111111111111011111100011111111
000000001110011111110011111111
000000011100011101110000000000
000000111110011000111000000000
111110111111011000011100111111
111110011100010000001110111111
000000000000000000000110000000
000000000000000000000011000000
000000000000000000000001100000
000000000000000000000000110010
000000000000000000000001111100
000111111111111111100111111111
111111111111011111100011111111
000000001110011111110011111111
000000011100011101110000000000
000000111110011000111000000000
111110111111011000011100111111
111110011100001000001110111111
000000000000000000000110000000
000000000000000000000011000000
000000000000000000000001100000
000000000000000000000000110010
000000000000000000000001111100
000111111111111111100111111111
111111111111011111100011111111
000000001110011111110011111111
000000011100011101110000000000
000000111110001100111000000000
111110111111001100011100111111
111110011100001000001110111111
000000000000000000000110000000
000000000000000000000011000000
000000000000000000000001100000
000000000000000000000000110010
000000000000000000000001111100
000111111111111111100111111111
111111111111011111100011111111
000000001110011111110011111111
000000011100011101110000000000
000000111110001100111000000000
111110111111001100011100111111
111110011100000100001110111111
000000000000000000000110000000
000000000000000000000011000000
000000000000000000000001100000
000000000000000000000000110010
000000000000000000000001111100
