111110111010111001111110000000
000000000000000000000110000000
000000000000000000000011000000
000000000000000000000001100000
000000000000000000000000110010
000000000000000000000001111100
111110111010111000111111000000
000000000000000000000110000000
000000000000000000000011000000
000000000000000000000001100000
000000000000000000000000110010
000000000000000000000001111100
111110111010111000011111100000
000000000000000000000110000000
000000000000000000000011000000
000000000000000000000001100000
000000000000000000000000110010
000000000000000000000001111100
111110111010111000001111110000
000000000000000000000110000000
000000000000000000000011000000
000000000000000000000001100000
000000000000000000000000110010
000000000000000000000001111100
111110111010111000000111111000
000000000000000000000110000000
000000000000000000000011000000
000000000000000000000001100000
000000000000000000000000110010
000000000000000000000001111100
111110111010011101111110000000
000000000000000000000110000000
000000000000000000000011000000
000000000000000000000001100000
000000000000000000000000110010
000000000000000000000001111100
111110111010011100111111000000
000000000000000000000110000000
000000000000000000000011000000
000000000000000000000001100000
000000000000000000000000110010
000000000000000000000001111100
111110111010011100011111100000
000000000000000000000110000000
000000000000000000000011000000
000000000000000000000001100000
000000000000000000000000110010
000000000000000000000001111100
111110111010011100001111110000
000000000000000000000110000000
000000000000000000000011000000
000000000000000000000001100000
000000000000000000000000110010
000000000000000000000001111100
111110111010011100000111111000
000000000000000000000110000000
000000000000000000000011000000
000000000000000000000001100000
000000000000000000000000110010
000000000000000000000001111100
111110111010001110111111000000
000000000000000000000110000000
000000000000000000000011000000
000000000000000000000001100000
000000000000000000000000110010
000000000000000000000001111100
111110111010001110011111100000
000000000000000000000110000000
000000000000000000000011000000
000000000000000000000001100000
000000000000000000000000110010
000000000000000000000001111100
111110111010001110001111110000
000000000000000000000110000000
000000000000000000000011000000
000000000000000000000001100000
000000000000000000000000110010
000000000000000000000001111100
111110111010001110000111111000
000000000000000000000110000000
000000000000000000000011000000
000000000000000000000001100000
000000000000000000000000110010
000000000000000000000001111100
111110111010000111011111100000
000000000000000000000110000000
000000000000000000000011000000
000000000000000000000001100000
000000000000000000000000110010
000000000000000000000001111100
111110111010000111001111110000
000000000000000000000110000000
000000000000000000000011000000
000000000000000000000001100000
000000000000000000000000110010
000000000000000000000001111100
111110111010000111000111111000
000000000000000000000110000000
000000000000000000000011000000
000000000000000000000001100000
000000000000000000000000110010
000000000000000000000001111100
111110111010000011101111110000
000000000000000000000110000000
000000000000000000000011000000
000000000000000000000001100000
000000000000000000000000110010
000000000000000000000001111100
111110111010000011100111111000
000000000000000000000110000000
000000000000000000000011000000
000000000000000000000001100000
000000000000000000000000110010
000000000000000000000001111100
111110111010000001110111111000
000000000000000000000110000000
000000000000000000000011000000
000000000000000000000001100000
000000000000000000000000110010
000000000000000000000001111100
111110111010000000001110111111
000000000000000000000110000000
000000000000000000000011000000
000000000000000000000001100000
000000000000000000000000110010
000000000000000000000001111100
111110111001011101111110000000
000000000000000000000110000000
000000000000000000000011000000
000000000000000000000001100000
000000000000000000000000110010
000000000000000000000001111100
111110111001011100111111000000
000000000000000000000110000000
000000000000000000000011000000
000000000000000000000001100000
000000000000000000000000110010
000000000000000000000001111100
111110111001011100011111100000
000000000000000000000110000000
000000000000000000000011000000
000000000000000000000001100000
000000000000000000000000110010
000000000000000000000001111100
111110111001011100001111110000
000000000000000000000110000000
000000000000000000000011000000
000000000000000000000001100000
000000000000000000000000110010
000000000000000000000001111100
111110111001011100000111111000
000000000000000000000110000000
000000000000000000000011000000
000000000000000000000001100000
000000000000000000000000110010
000000000000000000000001111100
111110111001001110111111000000
000000000000000000000110000000
000000000000000000000011000000
000000000000000000000001100000
000000000000000000000000110010
000000000000000000000001111100
111110111001001110011111100000
000000000000000000000110000000
000000000000000000000011000000
000000000000000000000001100000
000000000000000000000000110010
000000000000000000000001111100
111110111001001110001111110000
000000000000000000000110000000
000000000000000000000011000000
000000000000000000000001100000
000000000000000000000000110010
000000000000000000000001111100
111110111001001110000111111000
000000000000000000000110000000
000000000000000000000011000000
000000000000000000000001100000
000000000000000000000000110010
000000000000000000000001111100
111110111001000111011111100000
000000000000000000000110000000
000000000000000000000011000000
000000000000000000000001100000
000000000000000000000000110010
000000000000000000000001111100
111110111001000111001111110000
000000000000000000000110000000
000000000000000000000011000000
000000000000000000000001100000
000000000000000000000000110010
000000000000000000000001111100
111110111001000111000111111000
000000000000000000000110000000
000000000000000000000011000000
000000000000000000000001100000
000000000000000000000000110010
000000000000000000000001111100
111110111001000011101111110000
000000000000000000000110000000
000000000000000000000011000000
000000000000000000000001100000
000000000000000000000000110010
000000000000000000000001111100
111110111001000011100111111000
000000000000000000000110000000
000000000000000000000011000000
000000000000000000000001100000
000000000000000000000000110010
000000000000000000000001111100
111110111001000001110111111000
000000000000000000000110000000
000000000000000000000011000000
000000000000000000000001100000
000000000000000000000000110010
000000000000000000000001111100
111110111001000000001110111111
000000000000000000000110000000
000000000000000000000011000000
000000000000000000000001100000
000000000000000000000000110010
000000000000000000000001111100
111110111000101110111111000000
000000000000000000000110000000
000000000000000000000011000000
000000000000000000000001100000
000000000000000000000000110010
000000000000000000000001111100
111110111000101110011111100000
000000000000000000000110000000
000000000000000000000011000000
000000000000000000000001100000
000000000000000000000000110010
000000000000000000000001111100
111110111000101110001111110000
000000000000000000000110000000
000000000000000000000011000000
000000000000000000000001100000
000000000000000000000000110010
000000000000000000000001111100
111110111000101110000111111000
000000000000000000000110000000
000000000000000000000011000000
000000000000000000000001100000
000000000000000000000000110010
000000000000000000000001111100
111110111000100111011111100000
000000000000000000000110000000
000000000000000000000011000000
000000000000000000000001100000
000000000000000000000000110010
000000000000000000000001111100
111110111000100111001111110000
000000000000000000000110000000
000000000000000000000011000000
000000000000000000000001100000
000000000000000000000000110010
000000000000000000000001111100
111110111000100111000111111000
000000000000000000000110000000
000000000000000000000011000000
000000000000000000000001100000
000000000000000000000000110010
000000000000000000000001111100
111110111000100011101111110000
000000000000000000000110000000
000000000000000000000011000000
000000000000000000000001100000
000000000000000000000000110010
000000000000000000000001111100
111110111000100011100111111000
000000000000000000000110000000
000000000000000000000011000000
000000000000000000000001100000
000000000000000000000000110010
000000000000000000000001111100
111110111000100001110111111000
000000000000000000000110000000
000000000000000000000011000000
000000000000000000000001100000
000000000000000000000000110010
000000000000000000000001111100
111110111000100000001110111111
000000000000000000000110000000
000000000000000000000011000000
000000000000000000000001100000
000000000000000000000000110010
000000000000000000000001111100
111110111000010111011111100000
000000000000000000000110000000
000000000000000000000011000000
000000000000000000000001100000
000000000000000000000000110010
000000000000000000000001111100
111110111000010111001111110000
000000000000000000000110000000
000000000000000000000011000000
000000000000000000000001100000
000000000000000000000000110010
000000000000000000000001111100
111110111000010111000111111000
000000000000000000000110000000
000000000000000000000011000000
000000000000000000000001100000
000000000000000000000000110010
000000000000000000000001111100
111110111000010011101111110000
000000000000000000000110000000
000000000000000000000011000000
000000000000000000000001100000
000000000000000000000000110010
000000000000000000000001111100
111110111000010011100111111000
000000000000000000000110000000
000000000000000000000011000000
000000000000000000000001100000
000000000000000000000000110010
000000000000000000000001111100
111110111000010001110111111000
000000000000000000000110000000
000000000000000000000011000000
000000000000000000000001100000
000000000000000000000000110010
000000000000000000000001111100
111110111000010000001110111111
000000000000000000000110000000
000000000000000000000011000000
000000000000000000000001100000
000000000000000000000000110010
000000000000000000000001111100
111110111000001011101111110000
000000000000000000000110000000
000000000000000000000011000000
000000000000000000000001100000
000000000000000000000000110010
000000000000000000000001111100
111110111000001011100111111000
000000000000000000000110000000
000000000000000000000011000000
000000000000000000000001100000
000000000000000000000000110010
000000000000000000000001111100
111110111000001001110111111000
000000000000000000000110000000
000000000000000000000011000000
000000000000000000000001100000
000000000000000000000000110010
000000000000000000000001111100
111110111000001000001110111111
000000000000000000000110000000
000000000000000000000011000000
000000000000000000000001100000
000000000000000000000000110010
000000000000000000000001111100
111110111000000101110111111000
000000000000000000000110000000
000000000000000000000011000000
000000000000000000000001100000
000000000000000000000000110010
000000000000000000000001111100
111110111000000100001110111111
000000000000000000000110000000
000000000000000000000011000000
000000000000000000000001100000
000000000000000000000000110010
000000000000000000000001111100
111110111000000010001110111111
000000000000000000000110000000
000000000000000000000011000000
000000000000000000000001100000
000000000000000000000000110010
000000000000000000000001111100
111110111000000001001110111111
000000000000000000000110000000
000000000000000000000011000000
000000000000000000000001100000
000000000000000000000000110010
000000000000000000000001111100
111110111000000000101110111111
000000000000000000000110000000
000000000000000000000011000000
000000000000000000000001100000
000000000000000000000000110010
000000000000000000000001111100
111110011101011101111110000000
000000000000000000000110000000
000000000000000000000011000000
000000000000000000000001100000
000000000000000000000000110010
000000000000000000000001111100
111110011101011100111111000000
000000000000000000000110000000
000000000000000000000011000000
000000000000000000000001100000
000000000000000000000000110010
000000000000000000000001111100
111110011101011100011111100000
000000000000000000000110000000
000000000000000000000011000000
000000000000000000000001100000
000000000000000000000000110010
000000000000000000000001111100
111110011101011100001111110000
000000000000000000000110000000
000000000000000000000011000000
000000000000000000000001100000
000000000000000000000000110010
000000000000000000000001111100
111110011101011100000111111000
000000000000000000000110000000
000000000000000000000011000000
000000000000000000000001100000
000000000000000000000000110010
000000000000000000000001111100
111110011101001110111111000000
000000000000000000000110000000
000000000000000000000011000000
000000000000000000000001100000
000000000000000000000000110010
000000000000000000000001111100
111110011101001110011111100000
000000000000000000000110000000
000000000000000000000011000000
000000000000000000000001100000
000000000000000000000000110010
000000000000000000000001111100
111110011101001110001111110000
000000000000000000000110000000
000000000000000000000011000000
000000000000000000000001100000
000000000000000000000000110010
000000000000000000000001111100
111110011101001110000111111000
000000000000000000000110000000
000000000000000000000011000000
000000000000000000000001100000
000000000000000000000000110010
000000000000000000000001111100
111110011101000111011111100000
000000000000000000000110000000
000000000000000000000011000000
000000000000000000000001100000
000000000000000000000000110010
000000000000000000000001111100
111110011101000111001111110000
000000000000000000000110000000
000000000000000000000011000000
000000000000000000000001100000
000000000000000000000000110010
000000000000000000000001111100
111110011101000111000111111000
000000000000000000000110000000
000000000000000000000011000000
000000000000000000000001100000
000000000000000000000000110010
000000000000000000000001111100
111110011101000011101111110000
000000000000000000000110000000
000000000000000000000011000000
000000000000000000000001100000
000000000000000000000000110010
000000000000000000000001111100
111110011101000011100111111000
000000000000000000000110000000
000000000000000000000011000000
000000000000000000000001100000
000000000000000000000000110010
000000000000000000000001111100
111110011101000001110111111000
000000000000000000000110000000
000000000000000000000011000000
000000000000000000000001100000
000000000000000000000000110010
000000000000000000000001111100
111110011101000000001110111111
000000000000000000000110000000
000000000000000000000011000000
000000000000000000000001100000
000000000000000000000000110010
000000000000000000000001111100
111110011100101110111111000000
000000000000000000000110000000
000000000000000000000011000000
000000000000000000000001100000
000000000000000000000000110010
000000000000000000000001111100
111110011100101110011111100000
000000000000000000000110000000
000000000000000000000011000000
000000000000000000000001100000
000000000000000000000000110010
000000000000000000000001111100
111110011100101110001111110000
000000000000000000000110000000
000000000000000000000011000000
000000000000000000000001100000
000000000000000000000000110010
000000000000000000000001111100
111110011100101110000111111000
000000000000000000000110000000
000000000000000000000011000000
000000000000000000000001100000
000000000000000000000000110010
000000000000000000000001111100
111110011100100111011111100000
000000000000000000000110000000
000000000000000000000011000000
000000000000000000000001100000
000000000000000000000000110010
000000000000000000000001111100
111110011100100111001111110000
000000000000000000000110000000
000000000000000000000011000000
000000000000000000000001100000
000000000000000000000000110010
000000000000000000000001111100
111110011100100111000111111000
000000000000000000000110000000
000000000000000000000011000000
000000000000000000000001100000
000000000000000000000000110010
000000000000000000000001111100
111110011100100011101111110000
000000000000000000000110000000
000000000000000000000011000000
000000000000000000000001100000
000000000000000000000000110010
000000000000000000000001111100
111110011100100011100111111000
000000000000000000000110000000
000000000000000000000011000000
000000000000000000000001100000
000000000000000000000000110010
000000000000000000000001111100
111110011100100001110111111000
000000000000000000000110000000
000000000000000000000011000000
000000000000000000000001100000
000000000000000000000000110010
000000000000000000000001111100
111110011100100000001110111111
000000000000000000000110000000
000000000000000000000011000000
000000000000000000000001100000
000000000000000000000000110010
000000000000000000000001111100
111110011100010111011111100000
000000000000000000000110000000
000000000000000000000011000000
000000000000000000000001100000
000000000000000000000000110010
000000000000000000000001111100
111110011100010111001111110000
000000000000000000000110000000
000000000000000000000011000000
000000000000000000000001100000
000000000000000000000000110010
000000000000000000000001111100
111110011100010111000111111000
000000000000000000000110000000
000000000000000000000011000000
000000000000000000000001100000
000000000000000000000000110010
000000000000000000000001111100
111110011100010011101111110000
000000000000000000000110000000
000000000000000000000011000000
000000000000000000000001100000
000000000000000000000000110010
000000000000000000000001111100
111110011100010011100111111000
000000000000000000000110000000
000000000000000000000011000000
000000000000000000000001100000
000000000000000000000000110010
000000000000000000000001111100
111110011100010001110111111000
000000000000000000000110000000
000000000000000000000011000000
000000000000000000000001100000
000000000000000000000000110010
000000000000000000000001111100
111110011100010000001110111111
000000000000000000000110000000
000000000000000000000011000000
000000000000000000000001100000
000000000000000000000000110010
000000000000000000000001111100
111110011100001011101111110000
000000000000000000000110000000
000000000000000000000011000000
000000000000000000000001100000
000000000000000000000000110010
000000000000000000000001111100
111110011100001011100111111000
000000000000000000000110000000
000000000000000000000011000000
000000000000000000000001100000
000000000000000000000000110010
000000000000000000000001111100
111110011100001001110111111000
000000000000000000000110000000
000000000000000000000011000000
000000000000000000000001100000
000000000000000000000000110010
000000000000000000000001111100
111110011100001000001110111111
000000000000000000000110000000
000000000000000000000011000000
000000000000000000000001100000
000000000000000000000000110010
000000000000000000000001111100
111110011100000101110111111000
000000000000000000000110000000
000000000000000000000011000000
000000000000000000000001100000
000000000000000000000000110010
000000000000000000000001111100
111110011100000100001110111111
000000000000000000000110000000
000000000000000000000011000000
000000000000000000000001100000
000000000000000000000000110010
000000000000000000000001111100
111110011100000010001110111111
000000000000000000000110000000
000000000000000000000011000000
000000000000000000000001100000
000000000000000000000000110010
000000000000000000000001111100
111110011100000001001110111111
000000000000000000000110000000
000000000000000000000011000000
000000000000000000000001100000
000000000000000000000000110010
000000000000000000000001111100
111110011100000000101110111111
000000000000000000000110000000
000000000000000000000011000000
000000000000000000000001100000
000000000000000000000000110010
000000000000000000000001111100
111110001110101110111111000000
000000000000000000000110000000
000000000000000000000011000000
000000000000000000000001100000
000000000000000000000000110010
000000000000000000000001111100
111110001110101110011111100000
000000000000000000000110000000
000000000000000000000011000000
000000000000000000000001100000
000000000000000000000000110010
000000000000000000000001111100
111110001110101110001111110000
000000000000000000000110000000
000000000000000000000011000000
000000000000000000000001100000
000000000000000000000000110010
000000000000000000000001111100
111110001110101110000111111000
000000000000000000000110000000
000000000000000000000011000000
000000000000000000000001100000
000000000000000000000000110010
000000000000000000000001111100
111110001110100111011111100000
000000000000000000000110000000
000000000000000000000011000000
000000000000000000000001100000
000000000000000000000000110010
000000000000000000000001111100
111110001110100111001111110000
000000000000000000000110000000
000000000000000000000011000000
000000000000000000000001100000
000000000000000000000000110010
000000000000000000000001111100
111110001110100111000111111000
000000000000000000000110000000
000000000000000000000011000000
000000000000000000000001100000
000000000000000000000000110010
000000000000000000000001111100
111110001110100011101111110000
000000000000000000000110000000
000000000000000000000011000000
000000000000000000000001100000
000000000000000000000000110010
000000000000000000000001111100
111110001110100011100111111000
000000000000000000000110000000
000000000000000000000011000000
000000000000000000000001100000
000000000000000000000000110010
000000000000000000000001111100
111110001110100001110111111000
000000000000000000000110000000
000000000000000000000011000000
000000000000000000000001100000
000000000000000000000000110010
000000000000000000000001111100
111110001110100000001110111111
000000000000000000000110000000
000000000000000000000011000000
000000000000000000000001100000
000000000000000000000000110010
000000000000000000000001111100
111110001110010111011111100000
000000000000000000000110000000
000000000000000000000011000000
000000000000000000000001100000
000000000000000000000000110010
000000000000000000000001111100
111110001110010111001111110000
000000000000000000000110000000
000000000000000000000011000000
000000000000000000000001100000
000000000000000000000000110010
000000000000000000000001111100
111110001110010111000111111000
000000000000000000000110000000
000000000000000000000011000000
000000000000000000000001100000
000000000000000000000000110010
000000000000000000000001111100
111110001110010011101111110000
000000000000000000000110000000
000000000000000000000011000000
000000000000000000000001100000
000000000000000000000000110010
000000000000000000000001111100
111110001110010011100111111000
000000000000000000000110000000
000000000000000000000011000000
000000000000000000000001100000
000000000000000000000000110010
000000000000000000000001111100
111110001110010001110111111000
000000000000000000000110000000
000000000000000000000011000000
000000000000000000000001100000
000000000000000000000000110010
000000000000000000000001111100
111110001110010000001110111111
000000000000000000000110000000
000000000000000000000011000000
000000000000000000000001100000
000000000000000000000000110010
000000000000000000000001111100
111110001110001011101111110000
000000000000000000000110000000
000000000000000000000011000000
000000000000000000000001100000
000000000000000000000000110010
000000000000000000000001111100
111110001110001011100111111000
000000000000000000000110000000
000000000000000000000011000000
000000000000000000000001100000
000000000000000000000000110010
000000000000000000000001111100
111110001110001001110111111000
000000000000000000000110000000
000000000000000000000011000000
000000000000000000000001100000
000000000000000000000000110010
000000000000000000000001111100
111110001110001000001110111111
000000000000000000000110000000
000000000000000000000011000000
000000000000000000000001100000
000000000000000000000000110010
000000000000000000000001111100
111110001110000101110111111000
000000000000000000000110000000
000000000000000000000011000000
000000000000000000000001100000
000000000000000000000000110010
000000000000000000000001111100
111110001110000100001110111111
000000000000000000000110000000
000000000000000000000011000000
000000000000000000000001100000
000000000000000000000000110010
000000000000000000000001111100
111110001110000010001110111111
000000000000000000000110000000
000000000000000000000011000000
000000000000000000000001100000
000000000000000000000000110010
000000000000000000000001111100
111110001110000001001110111111
000000000000000000000110000000
000000000000000000000011000000
000000000000000000000001100000
000000000000000000000000110010
000000000000000000000001111100
111110001110000000101110111111
000000000000000000000110000000
000000000000000000000011000000
000000000000000000000001100000
000000000000000000000000110010
000000000000000000000001111100
111110000111010111011111100000
000000000000000000000110000000
000000000000000000000011000000
000000000000000000000001100000
000000000000000000000000110010
000000000000000000000001111100
111110000111010111001111110000
000000000000000000000110000000
000000000000000000000011000000
000000000000000000000001100000
000000000000000000000000110010
000000000000000000000001111100
111110000111010111000111111000
000000000000000000000110000000
000000000000000000000011000000
000000000000000000000001100000
000000000000000000000000110010
000000000000000000000001111100
111110000111010011101111110000
000000000000000000000110000000
000000000000000000000011000000
000000000000000000000001100000
000000000000000000000000110010
000000000000000000000001111100
111110000111010011100111111000
000000000000000000000110000000
000000000000000000000011000000
000000000000000000000001100000
000000000000000000000000110010
000000000000000000000001111100
111110000111010001110111111000
000000000000000000000110000000
000000000000000000000011000000
000000000000000000000001100000
000000000000000000000000110010
000000000000000000000001111100
111110000111010000001110111111
000000000000000000000110000000
000000000000000000000011000000
000000000000000000000001100000
000000000000000000000000110010
000000000000000000000001111100
111110000111001011101111110000
000000000000000000000110000000
000000000000000000000011000000
000000000000000000000001100000
000000000000000000000000110010
000000000000000000000001111100
111110000111001011100111111000
000000000000000000000110000000
000000000000000000000011000000
000000000000000000000001100000
000000000000000000000000110010
000000000000000000000001111100
111110000111001001110111111000
000000000000000000000110000000
000000000000000000000011000000
000000000000000000000001100000
000000000000000000000000110010
000000000000000000000001111100
111110000111001000001110111111
000000000000000000000110000000
000000000000000000000011000000
000000000000000000000001100000
000000000000000000000000110010
000000000000000000000001111100
111110000111000101110111111000
000000000000000000000110000000
000000000000000000000011000000
000000000000000000000001100000
000000000000000000000000110010
000000000000000000000001111100
111110000111000100001110111111
000000000000000000000110000000
000000000000000000000011000000
000000000000000000000001100000
000000000000000000000000110010
000000000000000000000001111100
111110000111000010001110111111
000000000000000000000110000000
000000000000000000000011000000
000000000000000000000001100000
000000000000000000000000110010
000000000000000000000001111100
111110000111000001001110111111
000000000000000000000110000000
000000000000000000000011000000
000000000000000000000001100000
000000000000000000000000110010
000000000000000000000001111100
111110000111000000101110111111
000000000000000000000110000000
000000000000000000000011000000
000000000000000000000001100000
000000000000000000000000110010
000000000000000000000001111100
111110000011101011101111110000
000000000000000000000110000000
000000000000000000000011000000
000000000000000000000001100000
000000000000000000000000110010
000000000000000000000001111100
111110000011101011100111111000
000000000000000000000110000000
000000000000000000000011000000
000000000000000000000001100000
000000000000000000000000110010
000000000000000000000001111100
111110000011101001110111111000
000000000000000000000110000000
000000000000000000000011000000
000000000000000000000001100000
000000000000000000000000110010
000000000000000000000001111100
111110000011101000001110111111
000000000000000000000110000000
000000000000000000000011000000
000000000000000000000001100000
000000000000000000000000110010
000000000000000000000001111100
111110000011100101110111111000
000000000000000000000110000000
000000000000000000000011000000
000000000000000000000001100000
000000000000000000000000110010
000000000000000000000001111100
111110000011100100001110111111
000000000000000000000110000000
000000000000000000000011000000
000000000000000000000001100000
000000000000000000000000110010
000000000000000000000001111100
111110000011100010001110111111
000000000000000000000110000000
000000000000000000000011000000
000000000000000000000001100000
000000000000000000000000110010
000000000000000000000001111100
111110000011100001001110111111
000000000000000000000110000000
000000000000000000000011000000
000000000000000000000001100000
000000000000000000000000110010
000000000000000000000001111100
111110000011100000101110111111
000000000000000000000110000000
000000000000000000000011000000
000000000000000000000001100000
000000000000000000000000110010
000000000000000000000001111100
111110000001110101110111111000
000000000000000000000110000000
000000000000000000000011000000
000000000000000000000001100000
000000000000000000000000110010
000000000000000000000001111100
111110000001110100001110111111
000000000000000000000110000000
000000000000000000000011000000
000000000000000000000001100000
000000000000000000000000110010
000000000000000000000001111100
111110000001110010001110111111
000000000000000000000110000000
000000000000000000000011000000
000000000000000000000001100000
000000000000000000000000110010
000000000000000000000001111100
111110000001110001001110111111
000000000000000000000110000000
000000000000000000000011000000
000000000000000000000001100000
000000000000000000000000110010
000000000000000000000001111100
111110000001110000101110111111
000000000000000000000110000000
000000000000000000000011000000
000000000000000000000001100000
000000000000000000000000110010
000000000000000000000001111100
111110000000111010001110111111
000000000000000000000110000000
000000000000000000000011000000
000000000000000000000001100000
000000000000000000000000110010
000000000000000000000001111100
111110000000111001001110111111
000000000000000000000110000000
000000000000000000000011000000
000000000000000000000001100000
000000000000000000000000110010
000000000000000000000001111100
111110000000111000101110111111
000000000000000000000110000000
000000000000000000000011000000
000000000000000000000001100000
000000000000000000000000110010
000000000000000000000001111100
111110000000011101001110111111
000000000000000000000110000000
000000000000000000000011000000
000000000000000000000001100000
000000000000000000000000110010
000000000000000000000001111100
111110000000011100101110111111
000000000000000000000110000000
000000000000000000000011000000
000000000000000000000001100000
000000000000000000000000110010
000000000000000000000001111100
111110000000001110101110111111
000000000000000000000110000000
000000000000000000000011000000
000000000000000000000001100000
000000000000000000000000110010
000000000000000000000001111100
011111011101011101111110000000
000000000000000000000110000000
000000000000000000000011000000
000000000000000000000001100000
000000000000000000000000110010
000000000000000000000001111100
011111011101011100111111000000
000000000000000000000110000000
000000000000000000000011000000
000000000000000000000001100000
000000000000000000000000110010
000000000000000000000001111100
011111011101011100011111100000
000000000000000000000110000000
000000000000000000000011000000
000000000000000000000001100000
000000000000000000000000110010
000000000000000000000001111100
011111011101011100001111110000
000000000000000000000110000000
000000000000000000000011000000
000000000000000000000001100000
000000000000000000000000110010
000000000000000000000001111100
011111011101011100000111111000
000000000000000000000110000000
000000000000000000000011000000
000000000000000000000001100000
000000000000000000000000110010
000000000000000000000001111100
011111011101001110111111000000
000000000000000000000110000000
000000000000000000000011000000
000000000000000000000001100000
000000000000000000000000110010
000000000000000000000001111100
011111011101001110011111100000
000000000000000000000110000000
000000000000000000000011000000
000000000000000000000001100000
000000000000000000000000110010
000000000000000000000001111100
011111011101001110001111110000
000000000000000000000110000000
000000000000000000000011000000
000000000000000000000001100000
000000000000000000000000110010
000000000000000000000001111100
011111011101001110000111111000
000000000000000000000110000000
000000000000000000000011000000
000000000000000000000001100000
000000000000000000000000110010
000000000000000000000001111100
011111011101000111011111100000
000000000000000000000110000000
000000000000000000000011000000
000000000000000000000001100000
000000000000000000000000110010
000000000000000000000001111100
011111011101000111001111110000
000000000000000000000110000000
000000000000000000000011000000
000000000000000000000001100000
000000000000000000000000110010
000000000000000000000001111100
011111011101000111000111111000
000000000000000000000110000000
000000000000000000000011000000
000000000000000000000001100000
000000000000000000000000110010
000000000000000000000001111100
011111011101000011101111110000
000000000000000000000110000000
000000000000000000000011000000
000000000000000000000001100000
000000000000000000000000110010
000000000000000000000001111100
011111011101000011100111111000
000000000000000000000110000000
000000000000000000000011000000
000000000000000000000001100000
000000000000000000000000110010
000000000000000000000001111100
011111011101000001110111111000
000000000000000000000110000000
000000000000000000000011000000
000000000000000000000001100000
000000000000000000000000110010
000000000000000000000001111100
011111011101000000001110111111
000000000000000000000110000000
000000000000000000000011000000
000000000000000000000001100000
000000000000000000000000110010
000000000000000000000001111100
011111011100101110111111000000
000000000000000000000110000000
000000000000000000000011000000
000000000000000000000001100000
000000000000000000000000110010
000000000000000000000001111100
011111011100101110011111100000
000000000000000000000110000000
000000000000000000000011000000
000000000000000000000001100000
000000000000000000000000110010
000000000000000000000001111100
011111011100101110001111110000
000000000000000000000110000000
000000000000000000000011000000
000000000000000000000001100000
000000000000000000000000110010
000000000000000000000001111100
011111011100101110000111111000
000000000000000000000110000000
000000000000000000000011000000
000000000000000000000001100000
000000000000000000000000110010
000000000000000000000001111100
011111011100100111011111100000
000000000000000000000110000000
000000000000000000000011000000
000000000000000000000001100000
000000000000000000000000110010
000000000000000000000001111100
011111011100100111001111110000
000000000000000000000110000000
000000000000000000000011000000
000000000000000000000001100000
000000000000000000000000110010
000000000000000000000001111100
011111011100100111000111111000
000000000000000000000110000000
000000000000000000000011000000
000000000000000000000001100000
000000000000000000000000110010
000000000000000000000001111100
011111011100100011101111110000
000000000000000000000110000000
000000000000000000000011000000
000000000000000000000001100000
000000000000000000000000110010
000000000000000000000001111100
011111011100100011100111111000
000000000000000000000110000000
000000000000000000000011000000
000000000000000000000001100000
000000000000000000000000110010
000000000000000000000001111100
011111011100100001110111111000
000000000000000000000110000000
000000000000000000000011000000
000000000000000000000001100000
000000000000000000000000110010
000000000000000000000001111100
011111011100100000001110111111
000000000000000000000110000000
000000000000000000000011000000
000000000000000000000001100000
000000000000000000000000110010
000000000000000000000001111100
011111011100010111011111100000
000000000000000000000110000000
000000000000000000000011000000
000000000000000000000001100000
000000000000000000000000110010
000000000000000000000001111100
011111011100010111001111110000
000000000000000000000110000000
000000000000000000000011000000
000000000000000000000001100000
000000000000000000000000110010
000000000000000000000001111100
011111011100010111000111111000
000000000000000000000110000000
000000000000000000000011000000
000000000000000000000001100000
000000000000000000000000110010
000000000000000000000001111100
011111011100010011101111110000
000000000000000000000110000000
000000000000000000000011000000
000000000000000000000001100000
000000000000000000000000110010
000000000000000000000001111100
011111011100010011100111111000
000000000000000000000110000000
000000000000000000000011000000
000000000000000000000001100000
000000000000000000000000110010
000000000000000000000001111100
011111011100010001110111111000
000000000000000000000110000000
000000000000000000000011000000
000000000000000000000001100000
000000000000000000000000110010
000000000000000000000001111100
011111011100010000001110111111
000000000000000000000110000000
000000000000000000000011000000
000000000000000000000001100000
000000000000000000000000110010
000000000000000000000001111100
011111011100001011101111110000
000000000000000000000110000000
000000000000000000000011000000
000000000000000000000001100000
000000000000000000000000110010
000000000000000000000001111100
011111011100001011100111111000
000000000000000000000110000000
000000000000000000000011000000
000000000000000000000001100000
000000000000000000000000110010
000000000000000000000001111100
011111011100001001110111111000
000000000000000000000110000000
000000000000000000000011000000
000000000000000000000001100000
000000000000000000000000110010
000000000000000000000001111100
011111011100001000001110111111
000000000000000000000110000000
000000000000000000000011000000
000000000000000000000001100000
000000000000000000000000110010
000000000000000000000001111100
011111011100000101110111111000
000000000000000000000110000000
000000000000000000000011000000
000000000000000000000001100000
000000000000000000000000110010
000000000000000000000001111100
011111011100000100001110111111
000000000000000000000110000000
000000000000000000000011000000
000000000000000000000001100000
000000000000000000000000110010
000000000000000000000001111100
011111011100000010001110111111
000000000000000000000110000000
000000000000000000000011000000
000000000000000000000001100000
000000000000000000000000110010
000000000000000000000001111100
011111011100000001001110111111
000000000000000000000110000000
000000000000000000000011000000
000000000000000000000001100000
000000000000000000000000110010
000000000000000000000001111100
011111011100000000101110111111
000000000000000000000110000000
000000000000000000000011000000
000000000000000000000001100000
000000000000000000000000110010
000000000000000000000001111100
011111001110101110111111000000
000000000000000000000110000000
000000000000000000000011000000
000000000000000000000001100000
000000000000000000000000110010
000000000000000000000001111100
011111001110101110011111100000
000000000000000000000110000000
000000000000000000000011000000
000000000000000000000001100000
000000000000000000000000110010
000000000000000000000001111100
011111001110101110001111110000
000000000000000000000110000000
000000000000000000000011000000
000000000000000000000001100000
000000000000000000000000110010
000000000000000000000001111100
011111001110101110000111111000
000000000000000000000110000000
000000000000000000000011000000
000000000000000000000001100000
000000000000000000000000110010
000000000000000000000001111100
011111001110100111011111100000
000000000000000000000110000000
000000000000000000000011000000
000000000000000000000001100000
000000000000000000000000110010
000000000000000000000001111100
011111001110100111001111110000
000000000000000000000110000000
000000000000000000000011000000
000000000000000000000001100000
000000000000000000000000110010
000000000000000000000001111100
011111001110100111000111111000
000000000000000000000110000000
000000000000000000000011000000
000000000000000000000001100000
000000000000000000000000110010
000000000000000000000001111100
011111001110100011101111110000
000000000000000000000110000000
000000000000000000000011000000
000000000000000000000001100000
000000000000000000000000110010
000000000000000000000001111100
011111001110100011100111111000
000000000000000000000110000000
000000000000000000000011000000
000000000000000000000001100000
000000000000000000000000110010
000000000000000000000001111100
011111001110100001110111111000
000000000000000000000110000000
000000000000000000000011000000
000000000000000000000001100000
000000000000000000000000110010
000000000000000000000001111100
011111001110100000001110111111
000000000000000000000110000000
000000000000000000000011000000
000000000000000000000001100000
000000000000000000000000110010
000000000000000000000001111100
011111001110010111011111100000
000000000000000000000110000000
000000000000000000000011000000
000000000000000000000001100000
000000000000000000000000110010
000000000000000000000001111100
011111001110010111001111110000
000000000000000000000110000000
000000000000000000000011000000
000000000000000000000001100000
000000000000000000000000110010
000000000000000000000001111100
011111001110010111000111111000
000000000000000000000110000000
000000000000000000000011000000
000000000000000000000001100000
000000000000000000000000110010
000000000000000000000001111100
011111001110010011101111110000
000000000000000000000110000000
000000000000000000000011000000
000000000000000000000001100000
000000000000000000000000110010
000000000000000000000001111100
011111001110010011100111111000
000000000000000000000110000000
000000000000000000000011000000
000000000000000000000001100000
000000000000000000000000110010
000000000000000000000001111100
011111001110010001110111111000
000000000000000000000110000000
000000000000000000000011000000
000000000000000000000001100000
000000000000000000000000110010
000000000000000000000001111100
011111001110010000001110111111
000000000000000000000110000000
000000000000000000000011000000
000000000000000000000001100000
000000000000000000000000110010
000000000000000000000001111100
011111001110001011101111110000
000000000000000000000110000000
000000000000000000000011000000
000000000000000000000001100000
000000000000000000000000110010
000000000000000000000001111100
011111001110001011100111111000
000000000000000000000110000000
000000000000000000000011000000
000000000000000000000001100000
000000000000000000000000110010
000000000000000000000001111100
011111001110001001110111111000
000000000000000000000110000000
000000000000000000000011000000
000000000000000000000001100000
000000000000000000000000110010
000000000000000000000001111100
011111001110001000001110111111
000000000000000000000110000000
000000000000000000000011000000
000000000000000000000001100000
000000000000000000000000110010
000000000000000000000001111100
011111001110000101110111111000
000000000000000000000110000000
000000000000000000000011000000
000000000000000000000001100000
000000000000000000000000110010
000000000000000000000001111100
011111001110000100001110111111
000000000000000000000110000000
000000000000000000000011000000
000000000000000000000001100000
000000000000000000000000110010
000000000000000000000001111100
011111001110000010001110111111
000000000000000000000110000000
000000000000000000000011000000
000000000000000000000001100000
000000000000000000000000110010
000000000000000000000001111100
011111001110000001001110111111
000000000000000000000110000000
000000000000000000000011000000
000000000000000000000001100000
000000000000000000000000110010
000000000000000000000001111100
011111001110000000101110111111
000000000000000000000110000000
000000000000000000000011000000
000000000000000000000001100000
000000000000000000000000110010
000000000000000000000001111100
011111000111010111011111100000
000000000000000000000110000000
000000000000000000000011000000
000000000000000000000001100000
000000000000000000000000110010
000000000000000000000001111100
011111000111010111001111110000
000000000000000000000110000000
000000000000000000000011000000
000000000000000000000001100000
000000000000000000000000110010
000000000000000000000001111100
011111000111010111000111111000
000000000000000000000110000000
000000000000000000000011000000
000000000000000000000001100000
000000000000000000000000110010
000000000000000000000001111100
011111000111010011101111110000
000000000000000000000110000000
000000000000000000000011000000
000000000000000000000001100000
000000000000000000000000110010
000000000000000000000001111100
011111000111010011100111111000
000000000000000000000110000000
000000000000000000000011000000
000000000000000000000001100000
000000000000000000000000110010
000000000000000000000001111100
011111000111010001110111111000
000000000000000000000110000000
000000000000000000000011000000
000000000000000000000001100000
000000000000000000000000110010
000000000000000000000001111100
011111000111010000001110111111
000000000000000000000110000000
000000000000000000000011000000
000000000000000000000001100000
000000000000000000000000110010
000000000000000000000001111100
011111000111001011101111110000
000000000000000000000110000000
000000000000000000000011000000
000000000000000000000001100000
000000000000000000000000110010
000000000000000000000001111100
011111000111001011100111111000
000000000000000000000110000000
000000000000000000000011000000
000000000000000000000001100000
000000000000000000000000110010
000000000000000000000001111100
011111000111001001110111111000
000000000000000000000110000000
000000000000000000000011000000
000000000000000000000001100000
000000000000000000000000110010
000000000000000000000001111100
011111000111001000001110111111
000000000000000000000110000000
000000000000000000000011000000
000000000000000000000001100000
000000000000000000000000110010
000000000000000000000001111100
011111000111000101110111111000
000000000000000000000110000000
000000000000000000000011000000
000000000000000000000001100000
000000000000000000000000110010
000000000000000000000001111100
011111000111000100001110111111
000000000000000000000110000000
000000000000000000000011000000
000000000000000000000001100000
000000000000000000000000110010
000000000000000000000001111100
011111000111000010001110111111
000000000000000000000110000000
000000000000000000000011000000
000000000000000000000001100000
000000000000000000000000110010
000000000000000000000001111100
011111000111000001001110111111
000000000000000000000110000000
000000000000000000000011000000
000000000000000000000001100000
000000000000000000000000110010
000000000000000000000001111100
011111000111000000101110111111
000000000000000000000110000000
000000000000000000000011000000
000000000000000000000001100000
000000000000000000000000110010
000000000000000000000001111100
011111000011101011101111110000
000000000000000000000110000000
000000000000000000000011000000
000000000000000000000001100000
000000000000000000000000110010
000000000000000000000001111100
011111000011101011100111111000
000000000000000000000110000000
000000000000000000000011000000
000000000000000000000001100000
000000000000000000000000110010
000000000000000000000001111100
011111000011101001110111111000
000000000000000000000110000000
000000000000000000000011000000
000000000000000000000001100000
000000000000000000000000110010
000000000000000000000001111100
011111000011101000001110111111
000000000000000000000110000000
000000000000000000000011000000
000000000000000000000001100000
000000000000000000000000110010
000000000000000000000001111100
011111000011100101110111111000
000000000000000000000110000000
000000000000000000000011000000
000000000000000000000001100000
000000000000000000000000110010
000000000000000000000001111100
011111000011100100001110111111
000000000000000000000110000000
000000000000000000000011000000
000000000000000000000001100000
000000000000000000000000110010
000000000000000000000001111100
011111000011100010001110111111
000000000000000000000110000000
000000000000000000000011000000
000000000000000000000001100000
000000000000000000000000110010
000000000000000000000001111100
011111000011100001001110111111
000000000000000000000110000000
000000000000000000000011000000
000000000000000000000001100000
000000000000000000000000110010
000000000000000000000001111100
011111000011100000101110111111
000000000000000000000110000000
000000000000000000000011000000
000000000000000000000001100000
000000000000000000000000110010
000000000000000000000001111100
011111000001110101110111111000
000000000000000000000110000000
000000000000000000000011000000
000000000000000000000001100000
000000000000000000000000110010
000000000000000000000001111100
011111000001110100001110111111
000000000000000000000110000000
000000000000000000000011000000
000000000000000000000001100000
000000000000000000000000110010
000000000000000000000001111100
011111000001110010001110111111
000000000000000000000110000000
000000000000000000000011000000
000000000000000000000001100000
000000000000000000000000110010
000000000000000000000001111100
011111000001110001001110111111
000000000000000000000110000000
000000000000000000000011000000
000000000000000000000001100000
000000000000000000000000110010
000000000000000000000001111100
011111000001110000101110111111
000000000000000000000110000000
000000000000000000000011000000
000000000000000000000001100000
000000000000000000000000110010
000000000000000000000001111100
011111000000111010001110111111
000000000000000000000110000000
000000000000000000000011000000
000000000000000000000001100000
000000000000000000000000110010
000000000000000000000001111100
011111000000111001001110111111
000000000000000000000110000000
000000000000000000000011000000
000000000000000000000001100000
000000000000000000000000110010
000000000000000000000001111100
011111000000111000101110111111
000000000000000000000110000000
000000000000000000000011000000
000000000000000000000001100000
000000000000000000000000110010
000000000000000000000001111100
011111000000011101001110111111
000000000000000000000110000000
000000000000000000000011000000
000000000000000000000001100000
000000000000000000000000110010
000000000000000000000001111100
011111000000011100101110111111
000000000000000000000110000000
000000000000000000000011000000
000000000000000000000001100000
000000000000000000000000110010
000000000000000000000001111100
011111000000001110101110111111
000000000000000000000110000000
000000000000000000000011000000
000000000000000000000001100000
000000000000000000000000110010
000000000000000000000001111100
001111101110101110111111000000
000000000000000000000110000000
000000000000000000000011000000
000000000000000000000001100000
000000000000000000000000110010
000000000000000000000001111100
001111101110101110011111100000
000000000000000000000110000000
000000000000000000000011000000
000000000000000000000001100000
000000000000000000000000110010
000000000000000000000001111100
001111101110101110001111110000
000000000000000000000110000000
000000000000000000000011000000
000000000000000000000001100000
000000000000000000000000110010
000000000000000000000001111100
001111101110101110000111111000
000000000000000000000110000000
000000000000000000000011000000
000000000000000000000001100000
000000000000000000000000110010
000000000000000000000001111100
001111101110100111011111100000
000000000000000000000110000000
000000000000000000000011000000
000000000000000000000001100000
000000000000000000000000110010
000000000000000000000001111100
001111101110100111001111110000
000000000000000000000110000000
000000000000000000000011000000
000000000000000000000001100000
000000000000000000000000110010
000000000000000000000001111100
001111101110100111000111111000
000000000000000000000110000000
000000000000000000000011000000
000000000000000000000001100000
000000000000000000000000110010
000000000000000000000001111100
001111101110100011101111110000
000000000000000000000110000000
000000000000000000000011000000
000000000000000000000001100000
000000000000000000000000110010
000000000000000000000001111100
001111101110100011100111111000
000000000000000000000110000000
000000000000000000000011000000
000000000000000000000001100000
000000000000000000000000110010
000000000000000000000001111100
001111101110100001110111111000
000000000000000000000110000000
000000000000000000000011000000
000000000000000000000001100000
000000000000000000000000110010
000000000000000000000001111100
001111101110100000001110111111
000000000000000000000110000000
000000000000000000000011000000
000000000000000000000001100000
000000000000000000000000110010
000000000000000000000001111100
001111101110010111011111100000
000000000000000000000110000000
000000000000000000000011000000
000000000000000000000001100000
000000000000000000000000110010
000000000000000000000001111100
001111101110010111001111110000
000000000000000000000110000000
000000000000000000000011000000
000000000000000000000001100000
000000000000000000000000110010
000000000000000000000001111100
001111101110010111000111111000
000000000000000000000110000000
000000000000000000000011000000
000000000000000000000001100000
000000000000000000000000110010
000000000000000000000001111100
001111101110010011101111110000
000000000000000000000110000000
000000000000000000000011000000
000000000000000000000001100000
000000000000000000000000110010
000000000000000000000001111100
001111101110010011100111111000
000000000000000000000110000000
000000000000000000000011000000
000000000000000000000001100000
000000000000000000000000110010
000000000000000000000001111100
001111101110010001110111111000
000000000000000000000110000000
000000000000000000000011000000
000000000000000000000001100000
000000000000000000000000110010
000000000000000000000001111100
001111101110010000001110111111
000000000000000000000110000000
000000000000000000000011000000
000000000000000000000001100000
000000000000000000000000110010
000000000000000000000001111100
001111101110001011101111110000
000000000000000000000110000000
000000000000000000000011000000
000000000000000000000001100000
000000000000000000000000110010
000000000000000000000001111100
001111101110001011100111111000
000000000000000000000110000000
000000000000000000000011000000
000000000000000000000001100000
000000000000000000000000110010
000000000000000000000001111100
001111101110001001110111111000
000000000000000000000110000000
000000000000000000000011000000
000000000000000000000001100000
000000000000000000000000110010
000000000000000000000001111100
001111101110001000001110111111
000000000000000000000110000000
000000000000000000000011000000
000000000000000000000001100000
000000000000000000000000110010
000000000000000000000001111100
001111101110000101110111111000
000000000000000000000110000000
000000000000000000000011000000
000000000000000000000001100000
000000000000000000000000110010
000000000000000000000001111100
001111101110000100001110111111
000000000000000000000110000000
000000000000000000000011000000
000000000000000000000001100000
000000000000000000000000110010
000000000000000000000001111100
001111101110000010001110111111
000000000000000000000110000000
000000000000000000000011000000
000000000000000000000001100000
000000000000000000000000110010
000000000000000000000001111100
001111101110000001001110111111
000000000000000000000110000000
000000000000000000000011000000
000000000000000000000001100000
000000000000000000000000110010
000000000000000000000001111100
001111101110000000101110111111
000000000000000000000110000000
000000000000000000000011000000
000000000000000000000001100000
000000000000000000000000110010
000000000000000000000001111100
001111100111010111011111100000
000000000000000000000110000000
000000000000000000000011000000
000000000000000000000001100000
000000000000000000000000110010
000000000000000000000001111100
001111100111010111001111110000
000000000000000000000110000000
000000000000000000000011000000
000000000000000000000001100000
000000000000000000000000110010
000000000000000000000001111100
001111100111010111000111111000
000000000000000000000110000000
000000000000000000000011000000
000000000000000000000001100000
000000000000000000000000110010
000000000000000000000001111100
001111100111010011101111110000
000000000000000000000110000000
000000000000000000000011000000
000000000000000000000001100000
000000000000000000000000110010
000000000000000000000001111100
001111100111010011100111111000
000000000000000000000110000000
000000000000000000000011000000
000000000000000000000001100000
000000000000000000000000110010
000000000000000000000001111100
001111100111010001110111111000
000000000000000000000110000000
000000000000000000000011000000
000000000000000000000001100000
000000000000000000000000110010
000000000000000000000001111100
001111100111010000001110111111
000000000000000000000110000000
000000000000000000000011000000
000000000000000000000001100000
000000000000000000000000110010
000000000000000000000001111100
001111100111001011101111110000
000000000000000000000110000000
000000000000000000000011000000
000000000000000000000001100000
000000000000000000000000110010
000000000000000000000001111100
001111100111001011100111111000
000000000000000000000110000000
000000000000000000000011000000
000000000000000000000001100000
000000000000000000000000110010
000000000000000000000001111100
001111100111001001110111111000
000000000000000000000110000000
000000000000000000000011000000
000000000000000000000001100000
000000000000000000000000110010
000000000000000000000001111100
001111100111001000001110111111
000000000000000000000110000000
000000000000000000000011000000
000000000000000000000001100000
000000000000000000000000110010
000000000000000000000001111100
001111100111000101110111111000
000000000000000000000110000000
000000000000000000000011000000
000000000000000000000001100000
000000000000000000000000110010
000000000000000000000001111100
001111100111000100001110111111
000000000000000000000110000000
000000000000000000000011000000
000000000000000000000001100000
000000000000000000000000110010
000000000000000000000001111100
001111100111000010001110111111
000000000000000000000110000000
000000000000000000000011000000
000000000000000000000001100000
000000000000000000000000110010
000000000000000000000001111100
001111100111000001001110111111
000000000000000000000110000000
000000000000000000000011000000
000000000000000000000001100000
000000000000000000000000110010
000000000000000000000001111100
001111100111000000101110111111
000000000000000000000110000000
000000000000000000000011000000
000000000000000000000001100000
000000000000000000000000110010
000000000000000000000001111100
001111100011101011101111110000
000000000000000000000110000000
000000000000000000000011000000
000000000000000000000001100000
000000000000000000000000110010
000000000000000000000001111100
001111100011101011100111111000
000000000000000000000110000000
000000000000000000000011000000
000000000000000000000001100000
000000000000000000000000110010
000000000000000000000001111100
001111100011101001110111111000
000000000000000000000110000000
000000000000000000000011000000
000000000000000000000001100000
000000000000000000000000110010
000000000000000000000001111100
001111100011101000001110111111
000000000000000000000110000000
000000000000000000000011000000
000000000000000000000001100000
000000000000000000000000110010
000000000000000000000001111100
001111100011100101110111111000
000000000000000000000110000000
000000000000000000000011000000
000000000000000000000001100000
000000000000000000000000110010
000000000000000000000001111100
001111100011100100001110111111
000000000000000000000110000000
000000000000000000000011000000
000000000000000000000001100000
000000000000000000000000110010
000000000000000000000001111100
001111100011100010001110111111
000000000000000000000110000000
000000000000000000000011000000
000000000000000000000001100000
000000000000000000000000110010
000000000000000000000001111100
001111100011100001001110111111
000000000000000000000110000000
000000000000000000000011000000
000000000000000000000001100000
000000000000000000000000110010
000000000000000000000001111100
001111100011100000101110111111
000000000000000000000110000000
000000000000000000000011000000
000000000000000000000001100000
000000000000000000000000110010
000000000000000000000001111100
001111100001110101110111111000
000000000000000000000110000000
000000000000000000000011000000
000000000000000000000001100000
000000000000000000000000110010
000000000000000000000001111100
001111100001110100001110111111
000000000000000000000110000000
000000000000000000000011000000
000000000000000000000001100000
000000000000000000000000110010
000000000000000000000001111100
001111100001110010001110111111
000000000000000000000110000000
000000000000000000000011000000
000000000000000000000001100000
000000000000000000000000110010
000000000000000000000001111100
001111100001110001001110111111
000000000000000000000110000000
000000000000000000000011000000
000000000000000000000001100000
000000000000000000000000110010
000000000000000000000001111100
001111100001110000101110111111
000000000000000000000110000000
000000000000000000000011000000
000000000000000000000001100000
000000000000000000000000110010
000000000000000000000001111100
001111100000111010001110111111
000000000000000000000110000000
000000000000000000000011000000
000000000000000000000001100000
000000000000000000000000110010
000000000000000000000001111100
001111100000111001001110111111
000000000000000000000110000000
000000000000000000000011000000
000000000000000000000001100000
000000000000000000000000110010
000000000000000000000001111100
001111100000111000101110111111
000000000000000000000110000000
000000000000000000000011000000
000000000000000000000001100000
000000000000000000000000110010
000000000000000000000001111100
001111100000011101001110111111
000000000000000000000110000000
000000000000000000000011000000
000000000000000000000001100000
000000000000000000000000110010
000000000000000000000001111100
001111100000011100101110111111
000000000000000000000110000000
000000000000000000000011000000
000000000000000000000001100000
000000000000000000000000110010
000000000000000000000001111100
001111100000001110101110111111
000000000000000000000110000000
000000000000000000000011000000
000000000000000000000001100000
000000000000000000000000110010
000000000000000000000001111100
000111110111010111011111100000
000000000000000000000110000000
000000000000000000000011000000
000000000000000000000001100000
000000000000000000000000110010
000000000000000000000001111100
000111110111010111001111110000
000000000000000000000110000000
000000000000000000000011000000
000000000000000000000001100000
000000000000000000000000110010
000000000000000000000001111100
000111110111010111000111111000
000000000000000000000110000000
000000000000000000000011000000
000000000000000000000001100000
000000000000000000000000110010
000000000000000000000001111100
000111110111010011101111110000
000000000000000000000110000000
000000000000000000000011000000
000000000000000000000001100000
000000000000000000000000110010
000000000000000000000001111100
000111110111010011100111111000
000000000000000000000110000000
000000000000000000000011000000
000000000000000000000001100000
000000000000000000000000110010
000000000000000000000001111100
000111110111010001110111111000
000000000000000000000110000000
000000000000000000000011000000
000000000000000000000001100000
000000000000000000000000110010
000000000000000000000001111100
000111110111010000001110111111
000000000000000000000110000000
000000000000000000000011000000
000000000000000000000001100000
000000000000000000000000110010
000000000000000000000001111100
000111110111001011101111110000
000000000000000000000110000000
000000000000000000000011000000
000000000000000000000001100000
000000000000000000000000110010
000000000000000000000001111100
000111110111001011100111111000
000000000000000000000110000000
000000000000000000000011000000
000000000000000000000001100000
000000000000000000000000110010
000000000000000000000001111100
000111110111001001110111111000
000000000000000000000110000000
000000000000000000000011000000
000000000000000000000001100000
000000000000000000000000110010
000000000000000000000001111100
000111110111001000001110111111
000000000000000000000110000000
000000000000000000000011000000
000000000000000000000001100000
000000000000000000000000110010
000000000000000000000001111100
000111110111000101110111111000
000000000000000000000110000000
000000000000000000000011000000
000000000000000000000001100000
000000000000000000000000110010
000000000000000000000001111100
000111110111000100001110111111
000000000000000000000110000000
000000000000000000000011000000
000000000000000000000001100000
000000000000000000000000110010
000000000000000000000001111100
000111110111000010001110111111
000000000000000000000110000000
000000000000000000000011000000
000000000000000000000001100000
000000000000000000000000110010
000000000000000000000001111100
000111110111000001001110111111
000000000000000000000110000000
000000000000000000000011000000
000000000000000000000001100000
000000000000000000000000110010
000000000000000000000001111100
000111110111000000101110111111
000000000000000000000110000000
000000000000000000000011000000
000000000000000000000001100000
000000000000000000000000110010
000000000000000000000001111100
000111110011101011101111110000
000000000000000000000110000000
000000000000000000000011000000
000000000000000000000001100000
000000000000000000000000110010
000000000000000000000001111100
000111110011101011100111111000
000000000000000000000110000000
000000000000000000000011000000
000000000000000000000001100000
000000000000000000000000110010
000000000000000000000001111100
000111110011101001110111111000
000000000000000000000110000000
000000000000000000000011000000
000000000000000000000001100000
000000000000000000000000110010
000000000000000000000001111100
000111110011101000001110111111
000000000000000000000110000000
000000000000000000000011000000
000000000000000000000001100000
000000000000000000000000110010
000000000000000000000001111100
000111110011100101110111111000
000000000000000000000110000000
000000000000000000000011000000
000000000000000000000001100000
000000000000000000000000110010
000000000000000000000001111100
000111110011100100001110111111
000000000000000000000110000000
000000000000000000000011000000
000000000000000000000001100000
000000000000000000000000110010
000000000000000000000001111100
000111110011100010001110111111
000000000000000000000110000000
000000000000000000000011000000
000000000000000000000001100000
000000000000000000000000110010
000000000000000000000001111100
000111110011100001001110111111
000000000000000000000110000000
000000000000000000000011000000
000000000000000000000001100000
000000000000000000000000110010
000000000000000000000001111100
000111110011100000101110111111
000000000000000000000110000000
000000000000000000000011000000
000000000000000000000001100000
000000000000000000000000110010
000000000000000000000001111100
000111110001110101110111111000
000000000000000000000110000000
000000000000000000000011000000
000000000000000000000001100000
000000000000000000000000110010
000000000000000000000001111100
000111110001110100001110111111
000000000000000000000110000000
000000000000000000000011000000
000000000000000000000001100000
000000000000000000000000110010
000000000000000000000001111100
000111110001110010001110111111
000000000000000000000110000000
000000000000000000000011000000
000000000000000000000001100000
000000000000000000000000110010
000000000000000000000001111100
000111110001110001001110111111
000000000000000000000110000000
000000000000000000000011000000
000000000000000000000001100000
000000000000000000000000110010
000000000000000000000001111100
000111110001110000101110111111
000000000000000000000110000000
000000000000000000000011000000
000000000000000000000001100000
000000000000000000000000110010
000000000000000000000001111100
000111110000111010001110111111
000000000000000000000110000000
000000000000000000000011000000
000000000000000000000001100000
000000000000000000000000110010
000000000000000000000001111100
000111110000111001001110111111
000000000000000000000110000000
000000000000000000000011000000
000000000000000000000001100000
000000000000000000000000110010
000000000000000000000001111100
000111110000111000101110111111
000000000000000000000110000000
000000000000000000000011000000
000000000000000000000001100000
000000000000000000000000110010
000000000000000000000001111100
000111110000011101001110111111
000000000000000000000110000000
000000000000000000000011000000
000000000000000000000001100000
000000000000000000000000110010
000000000000000000000001111100
000111110000011100101110111111
000000000000000000000110000000
000000000000000000000011000000
000000000000000000000001100000
000000000000000000000000110010
000000000000000000000001111100
000111110000001110101110111111
000000000000000000000110000000
000000000000000000000011000000
000000000000000000000001100000
000000000000000000000000110010
000000000000000000000001111100
000011111011101011101111110000
000000000000000000000110000000
000000000000000000000011000000
000000000000000000000001100000
000000000000000000000000110010
000000000000000000000001111100
000011111011101011100111111000
000000000000000000000110000000
000000000000000000000011000000
000000000000000000000001100000
000000000000000000000000110010
000000000000000000000001111100
000011111011101001110111111000
000000000000000000000110000000
000000000000000000000011000000
000000000000000000000001100000
000000000000000000000000110010
000000000000000000000001111100
000011111011101000001110111111
000000000000000000000110000000
000000000000000000000011000000
000000000000000000000001100000
000000000000000000000000110010
000000000000000000000001111100
000011111011100101110111111000
000000000000000000000110000000
000000000000000000000011000000
000000000000000000000001100000
000000000000000000000000110010
000000000000000000000001111100
000011111011100100001110111111
000000000000000000000110000000
000000000000000000000011000000
000000000000000000000001100000
000000000000000000000000110010
000000000000000000000001111100
000011111011100010001110111111
000000000000000000000110000000
000000000000000000000011000000
000000000000000000000001100000
000000000000000000000000110010
000000000000000000000001111100
000011111011100001001110111111
000000000000000000000110000000
000000000000000000000011000000
000000000000000000000001100000
000000000000000000000000110010
000000000000000000000001111100
000011111011100000101110111111
000000000000000000000110000000
000000000000000000000011000000
000000000000000000000001100000
000000000000000000000000110010
000000000000000000000001111100
000011111001110101110111111000
000000000000000000000110000000
000000000000000000000011000000
000000000000000000000001100000
000000000000000000000000110010
000000000000000000000001111100
000011111001110100001110111111
000000000000000000000110000000
000000000000000000000011000000
000000000000000000000001100000
000000000000000000000000110010
000000000000000000000001111100
000011111001110010001110111111
000000000000000000000110000000
000000000000000000000011000000
000000000000000000000001100000
000000000000000000000000110010
000000000000000000000001111100
000011111001110001001110111111
000000000000000000000110000000
000000000000000000000011000000
000000000000000000000001100000
000000000000000000000000110010
000000000000000000000001111100
000011111001110000101110111111
000000000000000000000110000000
000000000000000000000011000000
000000000000000000000001100000
000000000000000000000000110010
000000000000000000000001111100
000011111000111010001110111111
000000000000000000000110000000
000000000000000000000011000000
000000000000000000000001100000
000000000000000000000000110010
000000000000000000000001111100
000011111000111001001110111111
000000000000000000000110000000
000000000000000000000011000000
000000000000000000000001100000
000000000000000000000000110010
000000000000000000000001111100
000011111000111000101110111111
000000000000000000000110000000
000000000000000000000011000000
000000000000000000000001100000
000000000000000000000000110010
000000000000000000000001111100
000011111000011101001110111111
000000000000000000000110000000
000000000000000000000011000000
000000000000000000000001100000
000000000000000000000000110010
000000000000000000000001111100
000011111000011100101110111111
000000000000000000000110000000
000000000000000000000011000000
000000000000000000000001100000
000000000000000000000000110010
000000000000000000000001111100
000011111000001110101110111111
000000000000000000000110000000
000000000000000000000011000000
000000000000000000000001100000
000000000000000000000000110010
000000000000000000000001111100
000001111101110101110111111000
000000000000000000000110000000
000000000000000000000011000000
000000000000000000000001100000
000000000000000000000000110010
000000000000000000000001111100
000001111101110100001110111111
000000000000000000000110000000
000000000000000000000011000000
000000000000000000000001100000
000000000000000000000000110010
000000000000000000000001111100
000001111101110010001110111111
000000000000000000000110000000
000000000000000000000011000000
000000000000000000000001100000
000000000000000000000000110010
000000000000000000000001111100
000001111101110001001110111111
000000000000000000000110000000
000000000000000000000011000000
000000000000000000000001100000
000000000000000000000000110010
000000000000000000000001111100
000001111101110000101110111111
000000000000000000000110000000
000000000000000000000011000000
000000000000000000000001100000
000000000000000000000000110010
000000000000000000000001111100
000001111100111010001110111111
000000000000000000000110000000
000000000000000000000011000000
000000000000000000000001100000
000000000000000000000000110010
000000000000000000000001111100
000001111100111001001110111111
000000000000000000000110000000
000000000000000000000011000000
000000000000000000000001100000
000000000000000000000000110010
000000000000000000000001111100
000001111100111000101110111111
000000000000000000000110000000
000000000000000000000011000000
000000000000000000000001100000
000000000000000000000000110010
000000000000000000000001111100
000001111100011101001110111111
000000000000000000000110000000
000000000000000000000011000000
000000000000000000000001100000
000000000000000000000000110010
000000000000000000000001111100
000001111100011100101110111111
000000000000000000000110000000
000000000000000000000011000000
000000000000000000000001100000
000000000000000000000000110010
000000000000000000000001111100
000001111100001110101110111111
000000000000000000000110000000
000000000000000000000011000000
000000000000000000000001100000
000000000000000000000000110010
000000000000000000000001111100
000000111110111010001110111111
000000000000000000000110000000
000000000000000000000011000000
000000000000000000000001100000
000000000000000000000000110010
000000000000000000000001111100
000000111110111001001110111111
000000000000000000000110000000
000000000000000000000011000000
000000000000000000000001100000
000000000000000000000000110010
000000000000000000000001111100
000000111110111000101110111111
000000000000000000000110000000
000000000000000000000011000000
000000000000000000000001100000
000000000000000000000000110010
000000000000000000000001111100
000000111110011101001110111111
000000000000000000000110000000
000000000000000000000011000000
000000000000000000000001100000
000000000000000000000000110010
000000000000000000000001111100
000000111110011100101110111111
000000000000000000000110000000
000000000000000000000011000000
000000000000000000000001100000
000000000000000000000000110010
000000000000000000000001111100
000000111110001110101110111111
000000000000000000000110000000
000000000000000000000011000000
000000000000000000000001100000
000000000000000000000000110010
000000000000000000000001111100
000000011111011101001110111111
000000000000000000000110000000
000000000000000000000011000000
000000000000000000000001100000
000000000000000000000000110010
000000000000000000000001111100
000000011111011100101110111111
000000000000000000000110000000
000000000000000000000011000000
000000000000000000000001100000
000000000000000000000000110010
000000000000000000000001111100
000000011111001110101110111111
000000000000000000000110000000
000000000000000000000011000000
000000000000000000000001100000
000000000000000000000000110010
000000000000000000000001111100
000000001111101110101110111111
000000000000000000000110000000
000000000000000000000011000000
000000000000000000000001100000
000000000000000000000000110010
000000000000000000000001111100
