111110111111011000011100111111
111110111010000000001110111111
000000000000000000000110000000
000000000000000000000011000000
000000000000000000000001100000
000000000000000000000000110010
000000000000000000000001111100
111110111111001100011100111111
111110111010000000001110111111
000000000000000000000110000000
000000000000000000000011000000
000000000000000000000001100000
000000000000000000000000110010
000000000000000000000001111100
111110111111000110011100111111
111110111010000000001110111111
000000000000000000000110000000
000000000000000000000011000000
000000000000000000000001100000
000000000000000000000000110010
000000000000000000000001111100
111110111111000011011100111111
111110111010000000001110111111
000000000000000000000110000000
000000000000000000000011000000
000000000000000000000001100000
000000000000000000000000110010
000000000000000000000001111100
111110111111011000011100111111
111110111000010000001110111111
000000000000000000000110000000
000000000000000000000011000000
000000000000000000000001100000
000000000000000000000000110010
000000000000000000000001111100
111110111111011000011100111111
111110111000001000001110111111
000000000000000000000110000000
000000000000000000000011000000
000000000000000000000001100000
000000000000000000000000110010
000000000000000000000001111100
111110111111001100011100111111
111110111000001000001110111111
000000000000000000000110000000
000000000000000000000011000000
000000000000000000000001100000
000000000000000000000000110010
000000000000000000000001111100
111110111111001100011100111111
111110111000000100001110111111
000000000000000000000110000000
000000000000000000000011000000
000000000000000000000001100000
000000000000000000000000110010
000000000000000000000001111100
111110111111000110011100111111
111110111000000100001110111111
000000000000000000000110000000
000000000000000000000011000000
000000000000000000000001100000
000000000000000000000000110010
000000000000000000000001111100
111110111111000110011100111111
111110111000000010001110111111
000000000000000000000110000000
000000000000000000000011000000
000000000000000000000001100000
000000000000000000000000110010
000000000000000000000001111100
111110111111000011011100111111
111110111000000010001110111111
000000000000000000000110000000
000000000000000000000011000000
000000000000000000000001100000
000000000000000000000000110010
000000000000000000000001111100
111110111111000011011100111111
111110111000000001001110111111
000000000000000000000110000000
000000000000000000000011000000
000000000000000000000001100000
000000000000000000000000110010
000000000000000000000001111100
111110011111101100011100111111
111110011100100000001110111111
000000000000000000000110000000
000000000000000000000011000000
000000000000000000000001100000
000000000000000000000000110010
000000000000000000000001111100
111110011111100110011100111111
111110011100100000001110111111
000000000000000000000110000000
000000000000000000000011000000
000000000000000000000001100000
000000000000000000000000110010
000000000000000000000001111100
111110011111100011011100111111
111110011100100000001110111111
000000000000000000000110000000
000000000000000000000011000000
000000000000000000000001100000
000000000000000000000000110010
000000000000000000000001111100
111110111111011000011100111111
111110011100010000001110111111
000000000000000000000110000000
000000000000000000000011000000
000000000000000000000001100000
000000000000000000000000110010
000000000000000000000001111100
111110111111011000011100111111
111110011100001000001110111111
000000000000000000000110000000
000000000000000000000011000000
000000000000000000000001100000
000000000000000000000000110010
000000000000000000000001111100
111110111111001100011100111111
111110011100001000001110111111
000000000000000000000110000000
000000000000000000000011000000
000000000000000000000001100000
000000000000000000000000110010
000000000000000000000001111100
111110011111101100011100111111
111110011100001000001110111111
000000000000000000000110000000
000000000000000000000011000000
000000000000000000000001100000
000000000000000000000000110010
000000000000000000000001111100
111110111111001100011100111111
111110011100000100001110111111
000000000000000000000110000000
000000000000000000000011000000
000000000000000000000001100000
000000000000000000000000110010
000000000000000000000001111100
111110111111000110011100111111
111110011100000100001110111111
000000000000000000000110000000
000000000000000000000011000000
000000000000000000000001100000
000000000000000000000000110010
000000000000000000000001111100
111110011111101100011100111111
111110011100000100001110111111
000000000000000000000110000000
000000000000000000000011000000
000000000000000000000001100000
000000000000000000000000110010
000000000000000000000001111100
111110011111100110011100111111
111110011100000100001110111111
000000000000000000000110000000
000000000000000000000011000000
000000000000000000000001100000
000000000000000000000000110010
000000000000000000000001111100
111110111111000110011100111111
111110011100000010001110111111
000000000000000000000110000000
000000000000000000000011000000
000000000000000000000001100000
000000000000000000000000110010
000000000000000000000001111100
111110111111000011011100111111
111110011100000010001110111111
000000000000000000000110000000
000000000000000000000011000000
000000000000000000000001100000
000000000000000000000000110010
000000000000000000000001111100
111110011111100110011100111111
111110011100000010001110111111
000000000000000000000110000000
000000000000000000000011000000
000000000000000000000001100000
000000000000000000000000110010
000000000000000000000001111100
111110011111100011011100111111
111110011100000010001110111111
000000000000000000000110000000
000000000000000000000011000000
000000000000000000000001100000
000000000000000000000000110010
000000000000000000000001111100
111110111111000011011100111111
111110011100000001001110111111
000000000000000000000110000000
000000000000000000000011000000
000000000000000000000001100000
000000000000000000000000110010
000000000000000000000001111100
111110011111100011011100111111
111110011100000001001110111111
000000000000000000000110000000
000000000000000000000011000000
000000000000000000000001100000
000000000000000000000000110010
000000000000000000000001111100
111110011111101100011100111111
111110001110100000001110111111
000000000000000000000110000000
000000000000000000000011000000
000000000000000000000001100000
000000000000000000000000110010
000000000000000000000001111100
111110011111100110011100111111
111110001110100000001110111111
000000000000000000000110000000
000000000000000000000011000000
000000000000000000000001100000
000000000000000000000000110010
000000000000000000000001111100
111110011111100011011100111111
111110001110100000001110111111
000000000000000000000110000000
000000000000000000000011000000
000000000000000000000001100000
000000000000000000000000110010
000000000000000000000001111100
111110001111110110011100111111
111110001110100000001110111111
000000000000000000000110000000
000000000000000000000011000000
000000000000000000000001100000
000000000000000000000000110010
000000000000000000000001111100
111110001111110011011100111111
111110001110100000001110111111
000000000000000000000110000000
000000000000000000000011000000
000000000000000000000001100000
000000000000000000000000110010
000000000000000000000001111100
111110111111011000011100111111
111110001110010000001110111111
000000000000000000000110000000
000000000000000000000011000000
000000000000000000000001100000
000000000000000000000000110010
000000000000000000000001111100
111110001111110110011100111111
111110001110010000001110111111
000000000000000000000110000000
000000000000000000000011000000
000000000000000000000001100000
000000000000000000000000110010
000000000000000000000001111100
111110001111110011011100111111
111110001110010000001110111111
000000000000000000000110000000
000000000000000000000011000000
000000000000000000000001100000
000000000000000000000000110010
000000000000000000000001111100
111110111111011000011100111111
111110001110001000001110111111
000000000000000000000110000000
000000000000000000000011000000
000000000000000000000001100000
000000000000000000000000110010
000000000000000000000001111100
111110111111001100011100111111
111110001110001000001110111111
000000000000000000000110000000
000000000000000000000011000000
000000000000000000000001100000
000000000000000000000000110010
000000000000000000000001111100
111110011111101100011100111111
111110001110001000001110111111
000000000000000000000110000000
000000000000000000000011000000
000000000000000000000001100000
000000000000000000000000110010
000000000000000000000001111100
111110111111001100011100111111
111110001110000100001110111111
000000000000000000000110000000
000000000000000000000011000000
000000000000000000000001100000
000000000000000000000000110010
000000000000000000000001111100
111110111111000110011100111111
111110001110000100001110111111
000000000000000000000110000000
000000000000000000000011000000
000000000000000000000001100000
000000000000000000000000110010
000000000000000000000001111100
111110011111101100011100111111
111110001110000100001110111111
000000000000000000000110000000
000000000000000000000011000000
000000000000000000000001100000
000000000000000000000000110010
000000000000000000000001111100
111110011111100110011100111111
111110001110000100001110111111
000000000000000000000110000000
000000000000000000000011000000
000000000000000000000001100000
000000000000000000000000110010
000000000000000000000001111100
111110001111110110011100111111
111110001110000100001110111111
000000000000000000000110000000
000000000000000000000011000000
000000000000000000000001100000
000000000000000000000000110010
000000000000000000000001111100
111110111111000110011100111111
111110001110000010001110111111
000000000000000000000110000000
000000000000000000000011000000
000000000000000000000001100000
000000000000000000000000110010
000000000000000000000001111100
111110111111000011011100111111
111110001110000010001110111111
000000000000000000000110000000
000000000000000000000011000000
000000000000000000000001100000
000000000000000000000000110010
000000000000000000000001111100
111110011111100110011100111111
111110001110000010001110111111
000000000000000000000110000000
000000000000000000000011000000
000000000000000000000001100000
000000000000000000000000110010
000000000000000000000001111100
111110011111100011011100111111
111110001110000010001110111111
000000000000000000000110000000
000000000000000000000011000000
000000000000000000000001100000
000000000000000000000000110010
000000000000000000000001111100
111110001111110110011100111111
111110001110000010001110111111
000000000000000000000110000000
000000000000000000000011000000
000000000000000000000001100000
000000000000000000000000110010
000000000000000000000001111100
111110001111110011011100111111
111110001110000010001110111111
000000000000000000000110000000
000000000000000000000011000000
000000000000000000000001100000
000000000000000000000000110010
000000000000000000000001111100
111110111111000011011100111111
111110001110000001001110111111
000000000000000000000110000000
000000000000000000000011000000
000000000000000000000001100000
000000000000000000000000110010
000000000000000000000001111100
111110011111100011011100111111
111110001110000001001110111111
000000000000000000000110000000
000000000000000000000011000000
000000000000000000000001100000
000000000000000000000000110010
000000000000000000000001111100
111110001111110011011100111111
111110001110000001001110111111
000000000000000000000110000000
000000000000000000000011000000
000000000000000000000001100000
000000000000000000000000110010
000000000000000000000001111100
111110000111111011011100111111
111110000000111010001110111111
000000000000000000000110000000
000000000000000000000011000000
000000000000000000000001100000
000000000000000000000000110010
000000000000000000000001111100
111110000111111011011100111111
111110000000111001001110111111
000000000000000000000110000000
000000000000000000000011000000
000000000000000000000001100000
000000000000000000000000110010
000000000000000000000001111100
011111011111101100011100111111
011111011100100000001110111111
000000000000000000000110000000
000000000000000000000011000000
000000000000000000000001100000
000000000000000000000000110010
000000000000000000000001111100
011111011111100110011100111111
011111011100100000001110111111
000000000000000000000110000000
000000000000000000000011000000
000000000000000000000001100000
000000000000000000000000110010
000000000000000000000001111100
011111011111100011011100111111
011111011100100000001110111111
000000000000000000000110000000
000000000000000000000011000000
000000000000000000000001100000
000000000000000000000000110010
000000000000000000000001111100
011111011111101100011100111111
011111011100001000001110111111
000000000000000000000110000000
000000000000000000000011000000
000000000000000000000001100000
000000000000000000000000110010
000000000000000000000001111100
011111011111101100011100111111
011111011100000100001110111111
000000000000000000000110000000
000000000000000000000011000000
000000000000000000000001100000
000000000000000000000000110010
000000000000000000000001111100
011111011111100110011100111111
011111011100000100001110111111
000000000000000000000110000000
000000000000000000000011000000
000000000000000000000001100000
000000000000000000000000110010
000000000000000000000001111100
011111011111100110011100111111
011111011100000010001110111111
000000000000000000000110000000
000000000000000000000011000000
000000000000000000000001100000
000000000000000000000000110010
000000000000000000000001111100
011111011111100011011100111111
011111011100000010001110111111
000000000000000000000110000000
000000000000000000000011000000
000000000000000000000001100000
000000000000000000000000110010
000000000000000000000001111100
011111011111100011011100111111
011111011100000001001110111111
000000000000000000000110000000
000000000000000000000011000000
000000000000000000000001100000
000000000000000000000000110010
000000000000000000000001111100
011111011111101100011100111111
011111001110100000001110111111
000000000000000000000110000000
000000000000000000000011000000
000000000000000000000001100000
000000000000000000000000110010
000000000000000000000001111100
011111011111100110011100111111
011111001110100000001110111111
000000000000000000000110000000
000000000000000000000011000000
000000000000000000000001100000
000000000000000000000000110010
000000000000000000000001111100
011111011111100011011100111111
011111001110100000001110111111
000000000000000000000110000000
000000000000000000000011000000
000000000000000000000001100000
000000000000000000000000110010
000000000000000000000001111100
011111001111110110011100111111
011111001110100000001110111111
000000000000000000000110000000
000000000000000000000011000000
000000000000000000000001100000
000000000000000000000000110010
000000000000000000000001111100
011111001111110011011100111111
011111001110100000001110111111
000000000000000000000110000000
000000000000000000000011000000
000000000000000000000001100000
000000000000000000000000110010
000000000000000000000001111100
011111001111110110011100111111
011111001110010000001110111111
000000000000000000000110000000
000000000000000000000011000000
000000000000000000000001100000
000000000000000000000000110010
000000000000000000000001111100
011111001111110011011100111111
011111001110010000001110111111
000000000000000000000110000000
000000000000000000000011000000
000000000000000000000001100000
000000000000000000000000110010
000000000000000000000001111100
011111011111101100011100111111
011111001110001000001110111111
000000000000000000000110000000
000000000000000000000011000000
000000000000000000000001100000
000000000000000000000000110010
000000000000000000000001111100
011111011111101100011100111111
011111001110000100001110111111
000000000000000000000110000000
000000000000000000000011000000
000000000000000000000001100000
000000000000000000000000110010
000000000000000000000001111100
011111011111100110011100111111
011111001110000100001110111111
000000000000000000000110000000
000000000000000000000011000000
000000000000000000000001100000
000000000000000000000000110010
000000000000000000000001111100
011111001111110110011100111111
011111001110000100001110111111
000000000000000000000110000000
000000000000000000000011000000
000000000000000000000001100000
000000000000000000000000110010
000000000000000000000001111100
011111011111100110011100111111
011111001110000010001110111111
000000000000000000000110000000
000000000000000000000011000000
000000000000000000000001100000
000000000000000000000000110010
000000000000000000000001111100
011111011111100011011100111111
011111001110000010001110111111
000000000000000000000110000000
000000000000000000000011000000
000000000000000000000001100000
000000000000000000000000110010
000000000000000000000001111100
011111001111110110011100111111
011111001110000010001110111111
000000000000000000000110000000
000000000000000000000011000000
000000000000000000000001100000
000000000000000000000000110010
000000000000000000000001111100
011111001111110011011100111111
011111001110000010001110111111
000000000000000000000110000000
000000000000000000000011000000
000000000000000000000001100000
000000000000000000000000110010
000000000000000000000001111100
011111011111100011011100111111
011111001110000001001110111111
000000000000000000000110000000
000000000000000000000011000000
000000000000000000000001100000
000000000000000000000000110010
000000000000000000000001111100
011111001111110011011100111111
011111001110000001001110111111
000000000000000000000110000000
000000000000000000000011000000
000000000000000000000001100000
000000000000000000000000110010
000000000000000000000001111100
011111000111111011011100111111
011111000000111010001110111111
000000000000000000000110000000
000000000000000000000011000000
000000000000000000000001100000
000000000000000000000000110010
000000000000000000000001111100
011111000111111011011100111111
011111000000111001001110111111
000000000000000000000110000000
000000000000000000000011000000
000000000000000000000001100000
000000000000000000000000110010
000000000000000000000001111100
001111101111110110011100111111
001111101110100000001110111111
000000000000000000000110000000
000000000000000000000011000000
000000000000000000000001100000
000000000000000000000000110010
000000000000000000000001111100
001111101111110011011100111111
001111101110100000001110111111
000000000000000000000110000000
000000000000000000000011000000
000000000000000000000001100000
000000000000000000000000110010
000000000000000000000001111100
001111101111110110011100111111
001111101110010000001110111111
000000000000000000000110000000
000000000000000000000011000000
000000000000000000000001100000
000000000000000000000000110010
000000000000000000000001111100
001111101111110011011100111111
001111101110010000001110111111
000000000000000000000110000000
000000000000000000000011000000
000000000000000000000001100000
000000000000000000000000110010
000000000000000000000001111100
001111101111110110011100111111
001111101110000100001110111111
000000000000000000000110000000
000000000000000000000011000000
000000000000000000000001100000
000000000000000000000000110010
000000000000000000000001111100
001111101111110110011100111111
001111101110000010001110111111
000000000000000000000110000000
000000000000000000000011000000
000000000000000000000001100000
000000000000000000000000110010
000000000000000000000001111100
001111101111110011011100111111
001111101110000010001110111111
000000000000000000000110000000
000000000000000000000011000000
000000000000000000000001100000
000000000000000000000000110010
000000000000000000000001111100
001111101111110011011100111111
001111101110000001001110111111
000000000000000000000110000000
000000000000000000000011000000
000000000000000000000001100000
000000000000000000000000110010
000000000000000000000001111100
001111100111111011011100111111
001111100000111010001110111111
000000000000000000000110000000
000000000000000000000011000000
000000000000000000000001100000
000000000000000000000000110010
000000000000000000000001111100
001111100111111011011100111111
001111100000111001001110111111
000000000000000000000110000000
000000000000000000000011000000
000000000000000000000001100000
000000000000000000000000110010
000000000000000000000001111100
000111110111111011011100111111
000111110000111010001110111111
000000000000000000000110000000
000000000000000000000011000000
000000000000000000000001100000
000000000000000000000000110010
000000000000000000000001111100
000111110111111011011100111111
000111110000111001001110111111
000000000000000000000110000000
000000000000000000000011000000
000000000000000000000001100000
000000000000000000000000110010
000000000000000000000001111100
