000000111110011000111000000000
111110111111011000011100111111
111110011100010000001110111111
000000000000000000000110000000
000000000000000000000011000000
000000000000000000000001100000
000000000000000000000000110010
000000000000000000000001111100
000000111110011000111000000000
111110111111011000011100111111
111110011100001000001110111111
000000000000000000000110000000
000000000000000000000011000000
000000000000000000000001100000
000000000000000000000000110010
000000000000000000000001111100
000000111110001100111000000000
111110111111001100011100111111
111110011100001000001110111111
000000000000000000000110000000
000000000000000000000011000000
000000000000000000000001100000
000000000000000000000000110010
000000000000000000000001111100
000000111110001100111000000000
111110111111001100011100111111
111110011100000100001110111111
000000000000000000000110000000
000000000000000000000011000000
000000000000000000000001100000
000000000000000000000000110010
000000000000000000000001111100
000000111110000110111000000000
111110111111000110011100111111
111110011100000100001110111111
000000000000000000000110000000
000000000000000000000011000000
000000000000000000000001100000
000000000000000000000000110010
000000000000000000000001111100
000000111110000110111000000000
111110111111000110011100111111
111110011100000010001110111111
000000000000000000000110000000
000000000000000000000011000000
000000000000000000000001100000
000000000000000000000000110010
000000000000000000000001111100
000001111100011000111000000000
111110111111011000011100111111
111110001110010000001110111111
000000000000000000000110000000
000000000000000000000011000000
000000000000000000000001100000
000000000000000000000000110010
000000000000000000000001111100
000001111100011000111000000000
111110111111011000011100111111
111110001110001000001110111111
000000000000000000000110000000
000000000000000000000011000000
000000000000000000000001100000
000000000000000000000000110010
000000000000000000000001111100
000001111100001100111000000000
111110111111001100011100111111
111110001110001000001110111111
000000000000000000000110000000
000000000000000000000011000000
000000000000000000000001100000
000000000000000000000000110010
000000000000000000000001111100
000001111100001100111000000000
111110111111001100011100111111
111110001110000100001110111111
000000000000000000000110000000
000000000000000000000011000000
000000000000000000000001100000
000000000000000000000000110010
000000000000000000000001111100
000001111100000110111000000000
111110111111000110011100111111
111110001110000100001110111111
000000000000000000000110000000
000000000000000000000011000000
000000000000000000000001100000
000000000000000000000000110010
000000000000000000000001111100
000001111100000110111000000000
111110111111000110011100111111
111110001110000010001110111111
000000000000000000000110000000
000000000000000000000011000000
000000000000000000000001100000
000000000000000000000000110010
000000000000000000000001111100
